488 158 0 0 7 1 0 0 0 0 0 1
428 208 1 2 4 0 0 0 0 0 0 0
503 183 0 1 7 0 0 0 1 0 0 1
473 233 1 3 5 0 0 0 0 0 0 0
518 208 0 2 7 0 0 0 1 0 0 1
473 283 1 5 4 0 0 0 0 0 0 0
533 233 0 3 7 0 0 0 1 0 0 1
413 283 1 5 2 0 0 0 0 0 0 0
548 258 0 4 7 0 0 0 1 0 0 1
473 333 1 7 3 0 0 0 0 0 1 0
563 283 0 5 7 0 0 0 1 0 0 1
503 383 1 9 3 0 0 0 0 1 1 0
578 308 0 6 7 0 0 0 1 0 0 1
443 383 1 9 1 0 0 0 0 0 0 0
593 333 0 7 7 0 0 0 1 0 0 1
503 333 1 7 4 0 0 1 0 0 0 1
608 358 0 8 7 0 0 0 1 0 0 1
518 358 1 8 4 0 1 0 1 0 0 1
623 383 0 9 7 0 0 0 1 0 0 1
533 383 1 9 4 0 0 1 1 0 0 0
638 408 0 10 7 3 0 0 1 0 0 0
